{
  "camera_angle_x": 0.9469152137575624,
  "camera_angle_y": 0.4718488425749604,
  "fl_x": 1249.2110972577298,
  "fl_y": 1497.4958567908102,
  "k1": 0.04383280598405508,
  "k2": -0.13180026880820486,
  "k3": 0,
  "k4": 0,
  "p1": 0.002400169988152647,
  "p2": -0.0005919284654390464,
  "is_fisheye": false,
  "cx": 629.1203046136077,
  "cy": 333.43930530402406,
  "w": 1280.0,
  "h": 720.0,
  "aabb_scale": 16,
  "frames": [
    {
      "file_path": "./images/0014.jpg",
      "sharpness": 209.6658102442318,
      "transform_matrix": [
        [
          -0.21770364897213842,
          0.035770173854138186,
          -0.9753592240274488,
          -3.2431310689807606
        ],
        [
          -0.975922368269063,
          0.005783834263049029,
          0.21804146021646859,
          1.515309282752658
        ],
        [
          0.01344069703806407,
          0.9993433053422831,
          0.03364975095701072,
          -0.009758798570238534
        ],
        [
          0.0,
          0.0,
          0.0,
          1.0
        ]
      ]
    },
    {
      "file_path": "./images/0015.jpg",
      "sharpness": 204.95085708729312,
      "transform_matrix": [
        [
          -0.27681865031420433,
          0.03574973842925154,
          -0.9602569401203148,
          -3.082200244144553
        ],
        [
          -0.9608260735544425,
          0.003835380057168814,
          0.27712550629232957,
          1.7281922044511409
        ],
        [
          0.013590114679920051,
          0.9993534139986887,
          0.03328757607470851,
          -0.017249235286031808
        ],
        [
          0.0,
          0.0,
          0.0,
          1.0
        ]
      ]
    },
    {
      "file_path": "./images/0013.jpg",
      "sharpness": 232.58099066826034,
      "transform_matrix": [
        [
          -0.1512536578117491,
          0.036295947872622455,
          -0.9878283935863359,
          -3.43895289295748
        ],
        [
          -0.9884037862809903,
          0.008020909865343453,
          0.15163647407646794,
          1.2965104298690735
        ],
        [
          0.013427072066050733,
          0.9993088957783458,
          0.03466186034784586,
          -0.0022942676542173006
        ],
        [
          0.0,
          0.0,
          0.0,
          1.0
        ]
      ]
    },
    {
      "file_path": "./images/0016.jpg",
      "sharpness": 261.24310711978865,
      "transform_matrix": [
        [
          -0.3462444201411962,
          0.0351975816522655,
          -0.9374838301409184,
          -2.9488013766071393
        ],
        [
          -0.9380411237961717,
          0.001833888826638791,
          0.34651910036677125,
          1.93776602455555
        ],
        [
          0.013915875450478937,
          0.9993786905404684,
          0.03238180527461558,
          -0.020953046299618895
        ],
        [
          0.0,
          0.0,
          0.0,
          1.0
        ]
      ]
    },
    {
      "file_path": "./images/0011.jpg",
      "sharpness": 200.33330723905092,
      "transform_matrix": [
        [
          -0.043211432559180106,
          0.03862895259485791,
          -0.9983188749725087,
          -3.882952655933163
        ],
        [
          -0.998962378810247,
          0.012717415833855852,
          0.04373137382121743,
          0.8563319995958718
        ],
        [
          0.014385333434060347,
          0.9991726934643028,
          0.03803933261847567,
          0.00444315721354211
        ],
        [
          0.0,
          0.0,
          0.0,
          1.0
        ]
      ]
    },
    {
      "file_path": "./images/0012.jpg",
      "sharpness": 210.9678153475114,
      "transform_matrix": [
        [
          -0.09279671732804703,
          0.037633458331482704,
          -0.9949736137586354,
          -3.65966979130512
        ],
        [
          -0.9955877415659243,
          0.010465145323041467,
          0.09324982346921248,
          1.0760104556135728
        ],
        [
          0.013921856806522557,
          0.9992368105490095,
          0.03649627865521685,
          0.003319800225051622
        ],
        [
          0.0,
          0.0,
          0.0,
          1.0
        ]
      ]
    },
    {
      "file_path": "./images/0010.jpg",
      "sharpness": 249.34410836438667,
      "transform_matrix": [
        [
          -0.0035543546885883417,
          0.03912526713331635,
          -0.9992279920234728,
          -4.091976984968934
        ],
        [
          -0.9998949389641656,
          0.013902948623555813,
          0.004101103927893132,
          0.6508896054355082
        ],
        [
          0.014052672223041483,
          0.9991375888735713,
          0.0390717405815986,
          0.00085041983981861
        ],
        [
          0.0,
          0.0,
          0.0,
          1.0
        ]
      ]
    },
    {
      "file_path": "./images/0007.jpg",
      "sharpness": 231.45350020815528,
      "transform_matrix": [
        [
          0.14659029395991408,
          0.03981355249037851,
          -0.9883957541205897,
          -4.563138146370885
        ],
        [
          -0.9891068466848116,
          0.019411130684259096,
          -0.1459138576242724,
          0.10644306552482714
        ],
        [
          0.013376530121404013,
          0.9990185629168405,
          0.04222534071217826,
          0.004955237645352655
        ],
        [
          0.0,
          0.0,
          0.0,
          1.0
        ]
      ]
    },
    {
      "file_path": "./images/0003.jpg",
      "sharpness": 233.03740667129335,
      "transform_matrix": [
        [
          0.16512288735933298,
          0.03903960125432459,
          -0.9855000464803582,
          -4.759626944295855
        ],
        [
          -0.9861543761508323,
          0.022032361365576056,
          -0.1643597318421683,
          -0.3435912507931486
        ],
        [
          0.015296354756461315,
          0.9989947370208381,
          0.04213712074416372,
          -0.018734216573487544
        ],
        [
          0.0,
          0.0,
          0.0,
          1.0
        ]
      ]
    },
    {
      "file_path": "./images/0005.jpg",
      "sharpness": 247.29048225119794,
      "transform_matrix": [
        [
          0.16425491255529248,
          0.03925565981077316,
          -0.985636503424585,
          -4.716555291044146
        ],
        [
          -0.9862995507376046,
          0.022015429238694866,
          -0.16348858397528787,
          -0.19345131402824542
        ],
        [
          0.015281358460739664,
          0.9989866435829015,
          0.042333982039742736,
          -0.0011124530682749651
        ],
        [
          0.0,
          0.0,
          0.0,
          1.0
        ]
      ]
    },
    {
      "file_path": "./images/0009.jpg",
      "sharpness": 212.19876951195985,
      "transform_matrix": [
        [
          0.03919241888856047,
          0.03957969878371274,
          -0.9984474957425763,
          -4.278574576024602
        ],
        [
          -0.9991396928535758,
          0.015110386144214047,
          -0.03862059547760682,
          0.45919890750990344
        ],
        [
          0.013558335669542548,
          0.9991021587823435,
          0.040137860669327584,
          0.0019156985682151702
        ],
        [
          0.0,
          0.0,
          0.0,
          1.0
        ]
      ]
    },
    {
      "file_path": "./images/0006.jpg",
      "sharpness": 227.88910479871842,
      "transform_matrix": [
        [
          0.1633068857175472,
          0.039388740478975955,
          -0.985788713776681,
          -4.654051641085063
        ],
        [
          -0.9864770494409402,
          0.0206220652098879,
          -0.16259692910010853,
          -0.052091819708135485
        ],
        [
          0.013924510895671635,
          0.9990111398571756,
          0.04222381373538595,
          0.0015746722575354934
        ],
        [
          0.0,
          0.0,
          0.0,
          1.0
        ]
      ]
    },
    {
      "file_path": "./images/0004.jpg",
      "sharpness": 262.018446690358,
      "transform_matrix": [
        [
          0.1649921232057146,
          0.03954703186802757,
          -0.9855017156551613,
          -4.750481196424043
        ],
        [
          -0.9861784354131085,
          0.02196869347821162,
          -0.16422384124426992,
          -0.29053872412754267
        ],
        [
          0.015155619630302878,
          0.998976180289632,
          0.04262509139386932,
          -0.008172556890084405
        ],
        [
          0.0,
          0.0,
          0.0,
          1.0
        ]
      ]
    },
    {
      "file_path": "./images/0008.jpg",
      "sharpness": 214.88989123533278,
      "transform_matrix": [
        [
          0.09233634458541508,
          0.0396871579963521,
          -0.9949366457054153,
          -4.438504531023478
        ],
        [
          -0.9956362631799169,
          0.0172338209553971,
          -0.09171383132558554,
          0.27523656294051524
        ],
        [
          0.013506698699781196,
          0.999063523963429,
          0.04110528171397973,
          0.005784394427771822
        ],
        [
          0.0,
          0.0,
          0.0,
          1.0
        ]
      ]
    },
    {
      "file_path": "./images/0017.jpg",
      "sharpness": 218.79574869603283,
      "transform_matrix": [
        [
          -0.43488831281662643,
          0.03476395141826198,
          -0.8998131045200803,
          -2.821891047271793
        ],
        [
          -0.9003717366205851,
          -0.0009807749626722512,
          0.4351204131907794,
          2.1452774815062545
        ],
        [
          0.0142439907412606,
          0.9993950699153157,
          0.0317270068790234,
          -0.02438249777842778
        ],
        [
          0.0,
          0.0,
          0.0,
          1.0
        ]
      ]
    },
    {
      "file_path": "./images/0018.jpg",
      "sharpness": 274.0935872123813,
      "transform_matrix": [
        [
          -0.5275463127612778,
          0.032728058045792076,
          -0.8488956132041788,
          -2.669217163593693
        ],
        [
          -0.8494084421760579,
          -0.0036784688437355023,
          0.5277231918601054,
          2.32916648993981
        ],
        [
          0.014148719190552814,
          0.9994575244062622,
          0.029740051475243664,
          -0.020430796874415645
        ],
        [
          0.0,
          0.0,
          0.0,
          1.0
        ]
      ]
    },
    {
      "file_path": "./images/0001.jpg",
      "sharpness": 243.68237847214684,
      "transform_matrix": [
        [
          0.163553142451729,
          0.038193890384759774,
          -0.9857949058197699,
          -4.762151571822043
        ],
        [
          -0.98642329252543,
          0.021336323808346585,
          -0.16283073803690837,
          -0.34739040618544587
        ],
        [
          0.01481409995933794,
          0.9990425356472047,
          0.04116496591491272,
          -0.0035254420366754523
        ],
        [
          0.0,
          0.0,
          0.0,
          1.0
        ]
      ]
    },
    {
      "file_path": "./images/0002.jpg",
      "sharpness": 251.70982096023437,
      "transform_matrix": [
        [
          0.1645801060448386,
          0.03857429767197498,
          -0.9856091579638204,
          -4.759570932955002
        ],
        [
          -0.9862562783324315,
          0.021183835078916635,
          -0.16385908147313688,
          -0.3508519390380966
        ],
        [
          0.014558232869574288,
          0.9990311650290181,
          0.04153058108497377,
          -0.018630752962299837
        ],
        [
          0.0,
          0.0,
          0.0,
          1.0
        ]
      ]
    },
    {
      "file_path": "./images/0019.jpg",
      "sharpness": 239.1016609551595,
      "transform_matrix": [
        [
          -0.6151926916633482,
          0.030248156941345677,
          -0.7877962941867799,
          -2.4877883108916876
        ],
        [
          -0.788255535158356,
          -0.006075239201186494,
          0.615318050085378,
          2.4842359187524776
        ],
        [
          0.013826186018832247,
          0.999523956931037,
          0.02758071989403091,
          -0.015494170895879277
        ],
        [
          0.0,
          0.0,
          0.0,
          1.0
        ]
      ]
    },
    {
      "file_path": "./images/0021.jpg",
      "sharpness": 256.12767685382863,
      "transform_matrix": [
        [
          -0.7998785250258434,
          0.022420428706930427,
          -0.5997430029503021,
          -2.0634647269630313
        ],
        [
          -0.600053576380536,
          -0.010887670480220275,
          0.7998857194027482,
          2.6994044388543514
        ],
        [
          0.011403976556620286,
          0.9996893432546373,
          0.022162272234264365,
          -0.015781689854514502
        ],
        [
          0.0,
          0.0,
          0.0,
          1.0
        ]
      ]
    },
    {
      "file_path": "./images/0022.jpg",
      "sharpness": 266.560511067613,
      "transform_matrix": [
        [
          -0.8539796995800113,
          0.018595960270414737,
          -0.5199739060526223,
          -1.8449597306190821
        ],
        [
          -0.5202176190443949,
          -0.012063343095123177,
          0.8539485374360444,
          2.773918622171281
        ],
        [
          0.00960736944591523,
          0.9997543028283332,
          0.019975796288023186,
          -0.016364055708491747
        ],
        [
          0.0,
          0.0,
          0.0,
          1.0
        ]
      ]
    },
    {
      "file_path": "./images/0023.jpg",
      "sharpness": 324.83068461379884,
      "transform_matrix": [
        [
          -0.8943797129483485,
          0.015601085210004018,
          -0.44703639137710877,
          -1.6411803600523784
        ],
        [
          -0.447237282188638,
          -0.013351051091221366,
          0.8943156952974101,
          2.849259421115226
        ],
        [
          0.007983889666067754,
          0.9997891555642149,
          0.01891829619104084,
          -0.01292857554437923
        ],
        [
          0.0,
          0.0,
          0.0,
          1.0
        ]
      ]
    },
    {
      "file_path": "./images/0025.jpg",
      "sharpness": 278.91477849661743,
      "transform_matrix": [
        [
          -0.9574625148698447,
          0.009142702901963614,
          -0.28841280070677594,
          -1.2702087875854877
        ],
        [
          -0.28852408920638883,
          -0.01508337000427569,
          0.9573538227306282,
          2.995069026903467
        ],
        [
          0.004402564586255413,
          0.9998444393713134,
          0.017079651404679826,
          -0.0042408108360173
        ],
        [
          0.0,
          0.0,
          0.0,
          1.0
        ]
      ]
    },
    {
      "file_path": "./images/0024.jpg",
      "sharpness": 262.04661892281524,
      "transform_matrix": [
        [
          -0.930110576760945,
          0.012445681105707023,
          -0.3670686857088255,
          -1.4512363706469453
        ],
        [
          -0.36722399765666414,
          -0.014120941104782563,
          0.9300253408200139,
          2.9237254357851254
        ],
        [
          0.006391443519767998,
          0.9998228363329706,
          0.01770438944457437,
          -0.008089962582272497
        ],
        [
          0.0,
          0.0,
          0.0,
          1.0
        ]
      ]
    },
    {
      "file_path": "./images/0020.jpg",
      "sharpness": 255.29720905384485,
      "transform_matrix": [
        [
          -0.7188162693337502,
          0.026588622588728163,
          -0.6946914538834568,
          -2.284123106967298
        ],
        [
          -0.6950817094587008,
          -0.009046713500597825,
          0.7188738235259489,
          2.608443186091347
        ],
        [
          0.012829190228049913,
          0.9996055232602753,
          0.024984190089356352,
          -0.015744532639036343
        ],
        [
          0.0,
          0.0,
          0.0,
          1.0
        ]
      ]
    },
    {
      "file_path": "./images/0031.jpg",
      "sharpness": 414.16804967616395,
      "transform_matrix": [
        [
          -0.979266331200232,
          -0.0065757685907365075,
          0.20247027400052134,
          -0.24614091709505154
        ],
        [
          0.20254955188725968,
          -0.015322102074521261,
          0.9791521394646991,
          3.191923226874691
        ],
        [
          -0.0033364076789522672,
          0.9998609865697505,
          0.016336337666159953,
          0.0037479454670319027
        ],
        [
          0.0,
          0.0,
          0.0,
          1.0
        ]
      ]
    },
    {
      "file_path": "./images/0032.jpg",
      "sharpness": 359.5822743055368,
      "transform_matrix": [
        [
          -0.9619296601075434,
          -0.007503922012681621,
          0.27319410712638237,
          -0.08196183371461731
        ],
        [
          0.2732765055782077,
          -0.014124988128872237,
          0.9618318128494883,
          3.185316721106285
        ],
        [
          -0.00335864739290085,
          0.9998720797549867,
          0.015637890615586222,
          0.007234477358151577
        ],
        [
          0.0,
          0.0,
          0.0,
          1.0
        ]
      ]
    },
    {
      "file_path": "./images/0026.jpg",
      "sharpness": 297.7340816241794,
      "transform_matrix": [
        [
          -0.9785145760791288,
          0.005340045132043806,
          -0.20610848679139307,
          -1.094757325145896
        ],
        [
          -0.206166100959357,
          -0.014760426745660422,
          0.9784056769139842,
          3.05931146302537
        ],
        [
          0.002182481251225145,
          0.999876799275315,
          0.015544229003597407,
          -0.008744075041936457
        ],
        [
          0.0,
          0.0,
          0.0,
          1.0
        ]
      ]
    },
    {
      "file_path": "./images/0027.jpg",
      "sharpness": 372.4036348161862,
      "transform_matrix": [
        [
          -0.9926361712996666,
          0.0022176649770959548,
          -0.12111363836643602,
          -0.9314236956509483
        ],
        [
          -0.12113366700336489,
          -0.016049732353751713,
          0.9925064437119289,
          3.108522576007316
        ],
        [
          0.0002572052995915039,
          0.9998687354159033,
          0.016200178764873056,
          -0.0040598307380857275
        ],
        [
          0.0,
          0.0,
          0.0,
          1.0
        ]
      ]
    },
    {
      "file_path": "./images/0028.jpg",
      "sharpness": 320.3716047840812,
      "transform_matrix": [
        [
          -0.9992865798191742,
          -4.076654984211891e-05,
          -0.03776678090799964,
          -0.7611694459265196
        ],
        [
          -0.03776063791079185,
          -0.016989449586884753,
          0.9991423786564729,
          3.150092774974138
        ],
        [
          -0.0006823684078743776,
          0.9998556680589443,
          0.016975789599760892,
          0.0016201403463615642
        ],
        [
          0.0,
          0.0,
          0.0,
          1.0
        ]
      ]
    },
    {
      "file_path": "./images/0035.jpg",
      "sharpness": 366.52904296738893,
      "transform_matrix": [
        [
          -0.905736749694722,
          -0.009551592280982383,
          0.42373306142677336,
          0.47665155568991924
        ],
        [
          0.4238386665159815,
          -0.01731338667978815,
          0.905572212144145,
          3.339095071815457
        ],
        [
          -0.001313402209896104,
          0.9998044877551555,
          0.01972970471303521,
          0.015958092279817634
        ],
        [
          0.0,
          0.0,
          0.0,
          1.0
        ]
      ]
    },
    {
      "file_path": "./images/0029.jpg",
      "sharpness": 316.76133577968335,
      "transform_matrix": [
        [
          -0.999483876613962,
          -0.0023395675015459648,
          0.03203914514151672,
          -0.5872688937598811
        ],
        [
          0.03207350060334315,
          -0.016525584079939294,
          0.9993488858401124,
          3.178666895293715
        ],
        [
          -0.0018085785891323116,
          0.9998607060503466,
          0.016592092959200125,
          0.003519506393830207
        ],
        [
          0.0,
          0.0,
          0.0,
          1.0
        ]
      ]
    },
    {
      "file_path": "./images/0030.jpg",
      "sharpness": 322.5390510191163,
      "transform_matrix": [
        [
          -0.9934570452984139,
          -0.004674599147984716,
          0.11411067994941551,
          -0.4128810110184421
        ],
        [
          0.11417167240581039,
          -0.016016830204515158,
          0.9933319134963242,
          3.193560767439451
        ],
        [
          -0.002815737131224521,
          0.9998607949518674,
          0.016445739612576248,
          0.0051670435784222
        ],
        [
          0.0,
          0.0,
          0.0,
          1.0
        ]
      ]
    },
    {
      "file_path": "./images/0037.jpg",
      "sharpness": 450.87180223656986,
      "transform_matrix": [
        [
          -0.8378425618542866,
          -0.015290054332457108,
          0.5456977696424313,
          0.9289018895463177
        ],
        [
          0.5458882909128445,
          -0.014162012013696525,
          0.8377382713353779,
          3.478902190745347
        ],
        [
          -0.005080885315573224,
          0.9997828022440725,
          0.02021219805407632,
          0.010455686329462765
        ],
        [
          0.0,
          0.0,
          0.0,
          1.0
        ]
      ]
    },
    {
      "file_path": "./images/0036.jpg",
      "sharpness": 382.17950551136033,
      "transform_matrix": [
        [
          -0.8724582970605549,
          -0.012121001475139016,
          0.4885382290283985,
          0.6969008559034046
        ],
        [
          0.48868028846673317,
          -0.01581885676559531,
          0.8723195168255206,
          3.4113711110222367
        ],
        [
          -0.002845269880716969,
          0.9998014028309045,
          0.019724587332532822,
          0.012463912764789418
        ],
        [
          0.0,
          0.0,
          0.0,
          1.0
        ]
      ]
    },
    {
      "file_path": "./images/0038.jpg",
      "sharpness": 386.23162535443697,
      "transform_matrix": [
        [
          -0.8369403927554517,
          -0.015533750759196337,
          0.5470735613886574,
          1.1643550735834902
        ],
        [
          0.5472658790983562,
          -0.013611191692066198,
          0.8368481302096786,
          3.5254192394117276
        ],
        [
          -0.005553067164254369,
          0.9997866962791858,
          0.019892847885554024,
          0.010283480249493063
        ],
        [
          0.0,
          0.0,
          0.0,
          1.0
        ]
      ]
    },
    {
      "file_path": "./images/0040.jpg",
      "sharpness": 433.4772309026601,
      "transform_matrix": [
        [
          -0.8348867758343095,
          -0.01519639375833843,
          0.5502119056895268,
          1.6283074960017165
        ],
        [
          0.5503938014731755,
          -0.012980658710140355,
          0.8348042679570864,
          3.5575354541423065
        ],
        [
          -0.005543901401005774,
          0.9998002661156719,
          0.01920138122804983,
          0.012626633102520369
        ],
        [
          0.0,
          0.0,
          0.0,
          1.0
        ]
      ]
    },
    {
      "file_path": "./images/0033.jpg",
      "sharpness": 352.8322723837852,
      "transform_matrix": [
        [
          -0.9477442900424651,
          -0.008318803622218967,
          0.3189224956113412,
          0.08856122150707078
        ],
        [
          0.31901496155323517,
          -0.014696684710275666,
          0.9476357220808659,
          3.2093242375540716
        ],
        [
          -0.003196092112376347,
          0.9998573923183233,
          0.01658252183442932,
          0.009854043962859944
        ],
        [
          0.0,
          0.0,
          0.0,
          1.0
        ]
      ]
    },
    {
      "file_path": "./images/0034.jpg",
      "sharpness": 385.31359634361263,
      "transform_matrix": [
        [
          -0.9300136186514845,
          -0.008511323099057558,
          0.3674264913021957,
          0.27492866035628616
        ],
        [
          0.36752020703312177,
          -0.016400287268168688,
          0.92987092007432,
          3.26648725359484
        ],
        [
          -0.0018885318338792804,
          0.99982927940994,
          0.018380573736684926,
          0.014645247051338434
        ],
        [
          0.0,
          0.0,
          0.0,
          1.0
        ]
      ]
    },
    {
      "file_path": "./images/0039.jpg",
      "sharpness": 386.0696386598645,
      "transform_matrix": [
        [
          -0.8359205837116217,
          -0.015405958680190564,
          0.5486341533054006,
          1.396672850632479
        ],
        [
          0.5488213105664153,
          -0.013168527952040245,
          0.8358359641339612,
          3.55003772366831
        ],
        [
          -0.0056521501436190575,
          0.9997946020645925,
          0.01946296200568659,
          0.011378619022029957
        ],
        [
          0.0,
          0.0,
          0.0,
          1.0
        ]
      ]
    },
    {
      "file_path": "./images/0042.jpg",
      "sharpness": 376.22018622763824,
      "transform_matrix": [
        [
          -0.836297574227206,
          -0.014235424117529675,
          0.5480909778956894,
          2.0818042609274183
        ],
        [
          0.5482556725999961,
          -0.013144387653433412,
          0.8362074757709068,
          3.5375068848400164
        ],
        [
          -0.004699447785037555,
          0.999812271270055,
          0.01879727153357092,
          0.0034568009797316356
        ],
        [
          0.0,
          0.0,
          0.0,
          1.0
        ]
      ]
    },
    {
      "file_path": "./images/0041.jpg",
      "sharpness": 388.9986918826621,
      "transform_matrix": [
        [
          -0.8352330464415458,
          -0.014705145378183564,
          0.549699478660976,
          1.855570010008102
        ],
        [
          0.5498719791827882,
          -0.01296506064115762,
          0.8351483183915203,
          3.5527816646403556
        ],
        [
          -0.005154090359040657,
          0.9998078144877415,
          0.01891479448988596,
          0.009725812463230296
        ],
        [
          0.0,
          0.0,
          0.0,
          1.0
        ]
      ]
    },
    {
      "file_path": "./images/0043.jpg",
      "sharpness": 425.4830423924469,
      "transform_matrix": [
        [
          -0.8353439027994675,
          -0.01452271509131095,
          0.5495358539812469,
          2.3120666031117785
        ],
        [
          0.5497065716884199,
          -0.013299211553589617,
          0.8352519476269582,
          3.513262629591765
        ],
        [
          -0.004821732486469853,
          0.9998060920634587,
          0.0190926472077836,
          -0.000258981853898345
        ],
        [
          0.0,
          0.0,
          0.0,
          1.0
        ]
      ]
    },
    {
      "file_path": "./images/0047.jpg",
      "sharpness": 348.67627793142054,
      "transform_matrix": [
        [
          -0.8046584754438645,
          -0.015762122995975344,
          0.5935286794955936,
          3.042087604546265
        ],
        [
          0.5937070431653094,
          -0.011162842272822597,
          0.8046038390713203,
          3.1015445895429483
        ],
        [
          -0.006056797640870222,
          0.9998134558205487,
          0.018340359082818284,
          0.03489538777164484
        ],
        [
          0.0,
          0.0,
          0.0,
          1.0
        ]
      ]
    },
    {
      "file_path": "./images/0050.jpg",
      "sharpness": 323.1482063206379,
      "transform_matrix": [
        [
          -0.7542359604838529,
          -0.015125345323057666,
          0.6564292344576267,
          3.21299954049856
        ],
        [
          0.6565820783311342,
          -0.009304067165367483,
          0.7541971948691939,
          2.5391786351653756
        ],
        [
          -0.0053000313273735555,
          0.9998423167038977,
          0.016948492702566598,
          0.1399864786720536
        ],
        [
          0.0,
          0.0,
          0.0,
          1.0
        ]
      ]
    },
    {
      "file_path": "./images/0051.jpg",
      "sharpness": 339.1444292534722,
      "transform_matrix": [
        [
          -0.7537368505034927,
          -0.014602136402731222,
          0.6570141077741933,
          3.2275554980679737
        ],
        [
          0.657156591143279,
          -0.008993836187876678,
          0.7537004216713566,
          2.324039128416882
        ],
        [
          -0.00509655910559622,
          0.9998529334516546,
          0.016374875944022628,
          0.17069935828960855
        ],
        [
          0.0,
          0.0,
          0.0,
          1.0
        ]
      ]
    },
    {
      "file_path": "./images/0052.jpg",
      "sharpness": 337.8233342632611,
      "transform_matrix": [
        [
          -0.7533958822684538,
          -0.015229300735023446,
          0.6573908373173661,
          3.2668756185657566
        ],
        [
          0.6575429916100582,
          -0.008866662197341474,
          0.7533648495158124,
          2.116348694207795
        ],
        [
          -0.0056443573703515125,
          0.9998447132977087,
          0.016694026754379105,
          0.19799983098941404
        ],
        [
          0.0,
          0.0,
          0.0,
          1.0
        ]
      ]
    },
    {
      "file_path": "./images/0053.jpg",
      "sharpness": 335.7416003664641,
      "transform_matrix": [
        [
          -0.7530165842489379,
          -0.015366326148043015,
          0.6578220883153301,
          3.3342253276436975
        ],
        [
          0.657976186921956,
          -0.008808952280825962,
          0.7529872109162059,
          1.9141486095529276
        ],
        [
          -0.005775923683000731,
          0.9998431268900153,
          0.016743963843208042,
          0.22443239832013845
        ],
        [
          0.0,
          0.0,
          0.0,
          1.0
        ]
      ]
    },
    {
      "file_path": "./images/0056.jpg",
      "sharpness": 313.04618488309893,
      "transform_matrix": [
        [
          -0.7157659194936551,
          -0.01734650463937537,
          0.698124807808007,
          3.6454885643263597
        ],
        [
          0.6982990531104509,
          -0.006915591141373967,
          0.715772734200055,
          1.3494441493100042
        ],
        [
          -0.007588209318089279,
          0.9998256214884368,
          0.017062992216599685,
          0.2910291816469972
        ],
        [
          0.0,
          0.0,
          0.0,
          1.0
        ]
      ]
    },
    {
      "file_path": "./images/0044.jpg",
      "sharpness": 363.04378959511547,
      "transform_matrix": [
        [
          -0.8327503696443893,
          -0.015099063318055925,
          0.5534427162343164,
          2.537901955864771
        ],
        [
          0.553624690717196,
          -0.013411044240252933,
          0.8326583006976419,
          3.4727649689154845
        ],
        [
          -0.005150115652674486,
          0.9997960602983388,
          0.019527266307966043,
          0.0011120505192597835
        ],
        [
          0.0,
          0.0,
          0.0,
          1.0
        ]
      ]
    },
    {
      "file_path": "./images/0045.jpg",
      "sharpness": 364.84520615976123,
      "transform_matrix": [
        [
          -0.815631963755282,
          -0.016176033335500026,
          0.5783449106329185,
          2.7420098366782244
        ],
        [
          0.578543749671948,
          -0.013086137820114661,
          0.8155463706696787,
          3.3943898273558264
        ],
        [
          -0.005624004070494614,
          0.9997835210440595,
          0.02003201526893109,
          0.006120462548235802
        ],
        [
          0.0,
          0.0,
          0.0,
          1.0
        ]
      ]
    },
    {
      "file_path": "./images/0046.jpg",
      "sharpness": 372.58301215266,
      "transform_matrix": [
        [
          -0.8095046040200724,
          -0.016156999689965194,
          0.5868911717176294,
          2.9091870647162277
        ],
        [
          0.587083234422259,
          -0.012121213197218733,
          0.8094358233059225,
          3.2628503584687127
        ],
        [
          -0.005964221330245706,
          0.9997959929707773,
          0.019297681526001698,
          0.018551958456988555
        ],
        [
          0.0,
          0.0,
          0.0,
          1.0
        ]
      ]
    },
    {
      "file_path": "./images/0048.jpg",
      "sharpness": 361.866920571711,
      "transform_matrix": [
        [
          -0.7847409853920466,
          -0.01616195423394741,
          0.6196130866032663,
          3.1400164222631286
        ],
        [
          0.6197949003247736,
          -0.010802188357153152,
          0.7846894890707473,
          2.929316222927435
        ],
        [
          -0.005988938340175533,
          0.9998110341313567,
          0.01849401674926594,
          0.06696529592677439
        ],
        [
          0.0,
          0.0,
          0.0,
          1.0
        ]
      ]
    },
    {
      "file_path": "./images/0049.jpg",
      "sharpness": 393.71143446150404,
      "transform_matrix": [
        [
          -0.7605626211814553,
          -0.016259962033613663,
          0.6490609469880523,
          3.1960444376151327
        ],
        [
          0.6492371282585213,
          -0.009853086887305497,
          0.7605222337114342,
          2.743118055396058
        ],
        [
          -0.005970808740037008,
          0.9998192488256231,
          0.018050460646033703,
          0.10485206773770009
        ],
        [
          0.0,
          0.0,
          0.0,
          1.0
        ]
      ]
    },
    {
      "file_path": "./images/0055.jpg",
      "sharpness": 319.2126911095089,
      "transform_matrix": [
        [
          -0.7439157733456403,
          -0.016193059075012707,
          0.6680771714511125,
          3.5263459065657985
        ],
        [
          0.668240496698403,
          -0.008106466755394448,
          0.7439011518804263,
          1.5271237450139867
        ],
        [
          -0.006630289917963446,
          0.9998360215771953,
          0.016851386324793147,
          0.2715039789001781
        ],
        [
          0.0,
          0.0,
          0.0,
          1.0
        ]
      ]
    },
    {
      "file_path": "./images/0057.jpg",
      "sharpness": 371.02773289249456,
      "transform_matrix": [
        [
          -0.6520514096694557,
          -0.019548123269621985,
          0.7579227071631243,
          3.7730290103488584
        ],
        [
          0.7581138682998529,
          -0.00414169199808033,
          0.6521090469230095,
          1.1823681056200108
        ],
        [
          -0.009608425623065873,
          0.9998003387040864,
          0.017520299455700585,
          0.3046130828278416
        ],
        [
          0.0,
          0.0,
          0.0,
          1.0
        ]
      ]
    },
    {
      "file_path": "./images/0054.jpg",
      "sharpness": 320.3195525688595,
      "transform_matrix": [
        [
          -0.7502412125675553,
          -0.01572229177113222,
          0.6609772556717781,
          3.421704182182376
        ],
        [
          0.6611352504702632,
          -0.008481641592629853,
          0.7502187963131328,
          1.7155115489219959
        ],
        [
          -0.006188986624334692,
          0.9998404229206452,
          0.016757838381092183,
          0.24792949578672535
        ],
        [
          0.0,
          0.0,
          0.0,
          1.0
        ]
      ]
    },
    {
      "file_path": "./images/0059.jpg",
      "sharpness": 318.88993920890914,
      "transform_matrix": [
        [
          -0.4978130298837031,
          -0.02324634112428848,
          0.8669727763379357,
          4.039543404927489
        ],
        [
          0.8671858761125157,
          0.0017237716330297317,
          0.4979816109881323,
          0.8616200140435095
        ],
        [
          -0.013070713481113275,
          0.9997282812066827,
          0.019300782714810498,
          0.3239853687778301
        ],
        [
          0.0,
          0.0,
          0.0,
          1.0
        ]
      ]
    },
    {
      "file_path": "./images/0058.jpg",
      "sharpness": 326.6152111575929,
      "transform_matrix": [
        [
          -0.5821401831505384,
          -0.021492929386495607,
          0.8128043191055353,
          3.9063160338624474
        ],
        [
          0.8130100007378104,
          -0.0015017021777980755,
          0.5822477853894202,
          1.0205679757466235
        ],
        [
          -0.011293620520693867,
          0.9997678725012793,
          0.01834816771719354,
          0.3150995684615389
        ],
        [
          0.0,
          0.0,
          0.0,
          1.0
        ]
      ]
    },
    {
      "file_path": "./images/0060.jpg",
